592.88
593.69
603.83
595.83
597.19
618.98
606.43
607.98
611.02
605.70
620.28
610.30
601.91
567.05
616.47
626.74
574.36
549.34
606.99
608.60
Mean 600.779164	 	Std Dev 18.746064	 
Min: 549.343611	 
Max: 626.737323	 
592.88
593.69
603.83
595.83
597.19
618.98
606.43
607.98
611.02
605.70
620.28
610.30
601.91
567.05
616.47
626.74
574.36
549.34
606.99
608.60
Mean 600.779164	 	Std Dev 18.746064	 
Min: 549.343611	 
Max: 626.737323	 
592.88
593.69
603.83
595.83
597.19
618.98
606.43
607.98
611.02
605.70
620.28
610.30
601.91
567.05
616.47
626.74
574.36
549.34
606.99
608.60
Mean 600.779164	 	Std Dev 18.746064	 
Min: 549.343611	 
Max: 626.737323	 
592.88
593.69
603.83
595.83
597.19
618.98
606.43
607.98
611.02
605.70
620.28
610.30
601.91
567.05
616.47
626.74
574.36
549.34
606.99
608.60
Mean 600.779164	 	Std Dev 18.746064	 
Min: 549.343611	 
Max: 626.737323	 
